[9.99959182e-01 2.78115801e-05 4.32548451e-06 3.10769865e-06]
[[ 3.78787337e-02 -4.59602181e-03 -2.93937316e-03  1.94766821e-03
  -2.56535899e-02  1.98634090e-03  4.05069850e-04]
 [-4.59602181e-03  3.43830134e-02  4.74292027e-03  1.47410382e-02
   3.88161666e-02 -1.19517780e-02 -4.54338096e-04]
 [-2.93937316e-03  4.74292027e-03  3.30265226e-02  1.37519658e-02
   5.42699444e-02  4.69020678e-03 -7.25062808e-04]
 [ 1.94766821e-03  1.47410382e-02  1.37519658e-02  1.12966217e+04
   9.16395828e-03  5.81997499e-02 -9.38687571e-03]
 [-2.56535899e-02  3.88161666e-02  5.42699444e-02  9.16395828e-03
   2.95404181e-01  7.34965922e-04 -3.60781028e-03]
 [ 1.98634090e-03 -1.19517780e-02  4.69020678e-03  5.81997499e-02
   7.34965922e-04  3.93951866e-02 -9.20816550e-05]
 [ 4.05069850e-04 -4.54338096e-04 -7.25062808e-04 -9.38687571e-03
  -3.60781028e-03 -9.20816550e-05  2.10344735e-02]]